optics used: opt_presqueeze.madx
v_crabh.l1b1 =        11.68216788 ;
v_crabh.l1b2 =        11.37196502 ;
v_crabh.r1b1 =        11.37199165 ;
v_crabh.r1b2 =        11.68219701 ;
v_crabh.l5b1 =        11.68217509 ;
v_crabh.l5b2 =        11.37201304 ;
v_crabh.r5b1 =        11.37201969 ;
v_crabh.r5b2 =        11.68213343 ;
v_crabv.l1b1 =        11.90454787 ;
v_crabv.l1b2 =        11.48752835 ;
v_crabv.r1b1 =        11.48753511 ;
v_crabv.r1b2 =        11.90454085 ;
v_crabv.l5b1 =        11.90454753 ;
v_crabv.l5b2 =        11.48752804 ;
v_crabv.r5b1 =         11.4875348 ;
v_crabv.r5b2 =        11.90454055 ;

Checking Q4_8m/orbit_knobs_presqueeze
for 'tot' use maximum value over 'x' and 's'
                           corrector strength [Tm]
name               x      s      o      ccp    ccm    ccs    iterror arc    d2trans lumi   tot    max    margin [%]
acbxh1.l1        -0.14  -0.29   1.22   0.19  -0.00   0.00   0.92   0.00   0.00   0.00   2.63   2.50  -5.20
acbxh1.l5        -0.14  -0.29   0.75   0.19  -0.00   0.00   0.92   0.00   0.00   0.00   2.15   2.50  13.87
acbxh1.r1         0.14  -0.29  -0.81  -0.19  -0.00   0.00   0.92   0.00   0.00   0.00   2.21   2.50  11.43
acbxh1.r5         0.14  -0.29  -0.81  -0.19  -0.00   0.00   0.92   0.00   0.00   0.00   2.22   2.50  11.31
acbxv1.l1        -0.14   0.29  -0.99  -0.19  -0.00   0.00   0.92   0.00   0.00   0.00   2.39   2.50   4.23
acbxv1.l5        -0.14   0.29  -0.59  -0.19  -0.00   0.00   0.92   0.00   0.00   0.00   1.99   2.50  20.31
acbxv1.r1         0.14   0.29   0.90   0.19  -0.00   0.00   0.92   0.00   0.00   0.00   2.31   2.50   7.67
acbxv1.r5         0.14   0.29   1.16   0.19  -0.00   0.00   0.92   0.00   0.00   0.00   2.57   2.50  -2.78
-- acbx[hv]1      0.14   0.29   1.22   0.19  -0.00   0.00   0.92   0.00   0.00   0.00   2.63   2.50  -5.20
acbxh2.l1        -0.07  -0.14   0.04   0.19  -0.00   0.00   1.40   0.00   0.00   0.00   1.78   2.50  28.92
acbxh2.l5        -0.07  -0.14   0.55   0.19  -0.00   0.00   1.40   0.00   0.00   0.00   2.29   2.50   8.21
acbxh2.r1         0.07  -0.14  -0.40  -0.19  -0.00   0.00   1.40   0.00   0.00   0.00   2.14   2.50  14.35
acbxh2.r5         0.07  -0.14  -0.51  -0.19  -0.00   0.00   1.40   0.00   0.00   0.00   2.25   2.50  10.11
acbxv2.l1        -0.07   0.14  -0.43  -0.19  -0.00   0.00   1.40   0.00   0.00   0.00   2.18   2.50  12.99
acbxv2.l5        -0.07   0.14  -0.79  -0.19  -0.00   0.00   1.40   0.00   0.00   0.00   2.54   2.50  -1.42
acbxv2.r1         0.07   0.14   0.51   0.19  -0.00   0.00   1.40   0.00   0.00   0.00   2.25   2.50  10.09
acbxv2.r5         0.07   0.14   0.27   0.19  -0.00   0.00   1.40   0.00   0.00   0.00   2.02   2.50  19.40
-- acbx[hv]2      0.07   0.14   0.55   0.19  -0.00   0.00   1.40   0.00   0.00   0.00   2.54   2.50  -1.42
acbxh3.l1         2.11  -0.54  -0.79  -0.45   0.15   0.00   0.78   0.00   0.00   0.00   4.28   4.50   4.85
acbxh3.l5         2.11  -0.54  -0.93  -0.45   0.15   0.00   0.78   0.00   0.00   0.00   4.42   4.50   1.77
acbxh3.r1        -2.11  -0.54   0.79   0.45   0.15   0.00   0.78   0.00   0.00   0.00   4.28   4.50   4.85
acbxh3.r5        -2.11  -0.54   0.93   0.45   0.15   0.00   0.78   0.00   0.00   0.00   4.42   4.50   1.77
acbxv3.l1         2.11   0.54   0.94   0.45   0.15   0.00   0.78   0.00   0.00   0.00   4.43   4.50   1.45
acbxv3.l5         2.11   0.54   0.94   0.45   0.15   0.00   0.78   0.00   0.00   0.00   4.43   4.50   1.45
acbxv3.r1        -2.11   0.54  -0.94  -0.45   0.15   0.00   0.78   0.00   0.00   0.00   4.43   4.50   1.45
acbxv3.r5        -2.11   0.54  -0.94  -0.45   0.15   0.00   0.78   0.00   0.00   0.00   4.43   4.50   1.45
-- acbx[hv]3      2.11   0.54   0.94   0.45   0.15   0.00   0.78   0.00   0.00   0.00   4.43   4.50   1.45
acbrdh4.l1b1     -1.81  -0.24   0.00  -0.04  -0.15   0.40   0.04   0.35   0.04   0.27   3.09   4.50  31.33
acbrdh4.l1b2      2.97   0.08   0.00  -0.28   0.15   0.43   0.04   0.35   0.04   0.27   4.53   4.50  -0.63
acbrdh4.l5b1     -1.81  -0.24   0.00  -0.04  -0.15   0.40   0.04   0.35   0.04   0.27   3.09   4.50  31.33
acbrdh4.l5b2      2.97   0.08   0.00  -0.28   0.15   0.43   0.04   0.35   0.04   0.27   4.53   4.50  -0.63
acbrdh4.r1b1      2.97  -0.08   0.00  -0.28  -0.15   0.43   0.04   0.35   0.04   0.27   4.53   4.50  -0.63
acbrdh4.r1b2     -1.81   0.24   0.00  -0.04   0.15   0.40   0.04   0.35   0.04   0.27   3.09   4.50  31.33
acbrdh4.r5b1      2.97  -0.08   0.00  -0.28  -0.15   0.43   0.04   0.35   0.04   0.27   4.53   4.50  -0.63
acbrdh4.r5b2     -1.81   0.24   0.00  -0.04   0.15   0.40   0.04   0.35   0.04   0.27   3.09   4.50  31.33
acbrdv4.l1b1     -2.97   0.08   0.00  -0.28  -0.15   0.35   0.04   0.35   0.04   0.27   4.44   4.50   1.32
acbrdv4.l1b2      1.81  -0.24   0.00  -0.04   0.15   0.52   0.04   0.35   0.04   0.27   3.21   4.50  28.65
acbrdv4.l5b1     -2.97   0.08   0.00  -0.28  -0.15   0.35   0.04   0.35   0.04   0.27   4.44   4.50   1.32
acbrdv4.l5b2      1.81  -0.24   0.00  -0.04   0.15   0.52   0.04   0.35   0.04   0.27   3.21   4.50  28.65
acbrdv4.r1b1      1.81   0.24   0.00  -0.04  -0.15   0.52   0.04   0.35   0.04   0.27   3.21   4.50  28.65
acbrdv4.r1b2     -2.97  -0.08   0.00  -0.28   0.15   0.35   0.04   0.35   0.04   0.27   4.44   4.50   1.32
acbrdv4.r5b1      1.81   0.24   0.00  -0.04  -0.15   0.52   0.04   0.35   0.04   0.27   3.21   4.50  28.65
acbrdv4.r5b2     -2.97  -0.08   0.00  -0.28   0.15   0.35   0.04   0.35   0.04   0.27   4.44   4.50   1.32
-- acbrd[hv]4     2.97   0.24   0.00   0.28   0.15   0.52   0.04   0.35   0.04   0.27   4.53   4.50  -0.63
acbyhs4.l1b1     -0.91  -0.12   1.12  -0.28  -0.28  -0.63   0.00   0.35   0.00   0.20   3.78   4.50  16.09
acbyhs4.l1b2      1.49   0.04   1.04  -0.32   0.32  -0.73   0.00   0.35   0.00   0.20   4.44   4.50   1.23
acbyhs4.l5b1     -0.91  -0.12   1.12  -0.36  -0.36  -0.70   0.00   0.35   0.00   0.20   4.01   4.50  10.79
acbyhs4.l5b2      1.49   0.04   0.80  -0.42   0.42  -0.82   0.00   0.35   0.00   0.20   4.48   4.50   0.36
acbyhs4.r1b1      1.49  -0.04   1.12  -0.42  -0.42  -0.82   0.00   0.35   0.00   0.20   4.81   4.50  -6.98
acbyhs4.r1b2     -0.91   0.12   1.12  -0.36   0.36  -0.70   0.00   0.35   0.00   0.20   4.00   4.50  11.10
acbyhs4.r5b1      1.49  -0.04   1.12  -0.32  -0.32  -0.73   0.00   0.35   0.00   0.20   4.54   4.50  -0.81
acbyhs4.r5b2     -0.91   0.12   1.12  -0.28   0.28  -0.63   0.00   0.35   0.00   0.20   3.76   4.50  16.40
acbyvs4.l1b1     -1.49   0.04   1.08  -0.32  -0.32  -0.58   0.00   0.35   0.00   0.20   4.34   4.50   3.59
acbyvs4.l1b2      0.91  -0.12   0.81  -0.28   0.28  -0.82   0.00   0.35   0.00   0.20   3.65   4.50  18.93
acbyvs4.l5b1     -1.49   0.04   1.08  -0.42  -0.42  -0.65   0.00   0.35   0.00   0.20   4.60   4.50  -2.20
acbyvs4.l5b2      0.91  -0.12   0.81  -0.36   0.36  -0.92   0.00   0.35   0.00   0.20   3.91   4.50  13.15
acbyvs4.r1b1      0.91   0.12   0.81  -0.36  -0.36  -0.91   0.00   0.35   0.00   0.20   3.90   4.50  13.24
acbyvs4.r1b2     -1.49  -0.04   1.08  -0.42   0.42  -0.65   0.00   0.35   0.00   0.20   4.61   4.50  -2.43
acbyvs4.r5b1      0.91   0.12   0.81  -0.28  -0.28  -0.82   0.00   0.35   0.00   0.20   3.64   4.50  19.01
acbyvs4.r5b2     -1.49  -0.04   1.08  -0.32   0.32  -0.58   0.00   0.35   0.00   0.20   4.35   4.50   3.34
-- acby[hv]s4     1.49   0.12   1.12   0.42   0.42   0.92   0.00   0.35   0.00   0.20   4.81   4.50  -6.98
acbyhs5.l1b1      0.00   0.00   0.00  -0.32  -0.32  -0.27   0.00   0.00   0.00   0.00   0.90   2.70  66.72
acbyhs5.l1b2      0.00   0.00  -1.01  -0.29   0.29  -0.26   0.00   0.00   0.00   0.00   1.84   2.70  31.72
acbyhs5.l5b1      0.00   0.00   0.00  -0.40  -0.40  -0.34   0.00   0.00   0.00   0.00   1.14   2.70  57.63
acbyhs5.l5b2      0.00   0.00  -1.35  -0.38   0.38  -0.35   0.00   0.00   0.00   0.00   2.46   2.70   8.90
acbyhs5.r1b1      0.00   0.00  -0.84  -0.38  -0.38  -0.35   0.00   0.00   0.00   0.00   1.95   2.70  27.73
acbyhs5.r1b2      0.00   0.00   0.00  -0.40   0.40  -0.34   0.00   0.00   0.00   0.00   1.15   2.70  57.57
acbyhs5.r5b1      0.00   0.00  -0.77  -0.29  -0.29  -0.26   0.00   0.00   0.00   0.00   1.61   2.70  40.45
acbyhs5.r5b2      0.00   0.00   0.00  -0.32   0.32  -0.26   0.00   0.00   0.00   0.00   0.90   2.70  66.77
acbyvs5.l1b1      0.00   0.00  -1.05  -0.29  -0.29  -0.21   0.00   0.00   0.00   0.00   1.84   2.70  31.83
acbyvs5.l1b2      0.00   0.00   0.00  -0.32   0.32  -0.35   0.00   0.00   0.00   0.00   0.98   2.70  63.65
acbyvs5.l5b1      0.00   0.00  -1.22  -0.38  -0.38  -0.28   0.00   0.00   0.00   0.00   2.26   2.70  16.30
acbyvs5.l5b2      0.00   0.00   0.00  -0.40   0.40  -0.44   0.00   0.00   0.00   0.00   1.25   2.70  53.83
acbyvs5.r1b1      0.00   0.00   0.00  -0.40  -0.40  -0.44   0.00   0.00   0.00   0.00   1.25   2.70  53.81
acbyvs5.r1b2      0.00   0.00  -0.78  -0.38   0.38  -0.28   0.00   0.00   0.00   0.00   1.82   2.70  32.73
acbyvs5.r5b1      0.00   0.00   0.00  -0.32  -0.32  -0.35   0.00   0.00   0.00   0.00   0.98   2.70  63.78
acbyvs5.r5b2      0.00   0.00  -0.67  -0.29   0.29  -0.21   0.00   0.00   0.00   0.00   1.46   2.70  45.88
-- acby[hv]s5     0.00   0.00   1.35   0.40   0.40   0.44   0.00   0.00   0.00   0.00   2.46   2.70   8.90
acbch6.l1b1       0.00   0.00  -0.45   0.00   0.00   0.00   0.00   0.00   0.00   0.00   0.45   2.80  84.06
acbch6.l5b1       0.00   0.00  -0.46   0.00   0.00   0.00   0.00   0.00   0.00   0.00   0.46   2.80  83.67
acbch6.r1b2       0.00   0.00  -0.47   0.00   0.00   0.00   0.00   0.00   0.00   0.00   0.47   2.80  83.31
acbch6.r5b2       0.00   0.00  -0.46   0.00   0.00   0.00   0.00   0.00   0.00   0.00   0.46   2.80  83.40
acbcv6.l1b2       0.00   0.00  -0.21   0.00   0.00   0.00   0.00   0.00   0.00   0.00   0.21   2.80  92.44
acbcv6.l5b2       0.00   0.00  -0.24   0.00   0.00   0.00   0.00   0.00   0.00   0.00   0.24   2.80  91.60
acbcv6.r1b1       0.00   0.00  -0.21   0.00   0.00   0.00   0.00   0.00   0.00   0.00   0.21   2.80  92.46
acbcv6.r5b1       0.00   0.00  -0.20   0.00   0.00   0.00   0.00   0.00   0.00   0.00   0.20   2.80  92.96
-- acbc[hv]6      0.00   0.00   0.47   0.00   0.00   0.00   0.00   0.00   0.00   0.00   0.47   2.80  83.31
acbch7.l1b2       0.00   0.00  -1.32   0.00   0.00   0.00   0.00   0.00   0.00   0.00   1.32   2.80  52.70
acbch7.l5b2       0.00   0.00  -1.32   0.00   0.00   0.00   0.00   0.00   0.00   0.00   1.32   2.80  52.70
acbch7.r1b1       0.00   0.00  -1.40   0.00   0.00   0.00   0.00   0.00   0.00   0.00   1.40   2.80  50.00
acbch7.r5b1       0.00   0.00  -1.40   0.00   0.00   0.00   0.00   0.00   0.00   0.00   1.40   2.80  50.00
acbcv7.l1b1       0.00   0.00  -1.40   0.00   0.00   0.00   0.00   0.00   0.00   0.00   1.40   2.80  50.00
acbcv7.l5b1       0.00   0.00  -1.40   0.00   0.00   0.00   0.00   0.00   0.00   0.00   1.40   2.80  50.00
acbcv7.r1b2       0.00   0.00  -1.40   0.00   0.00   0.00   0.00   0.00   0.00   0.00   1.40   2.80  50.00
acbcv7.r5b2       0.00   0.00  -1.40   0.00   0.00   0.00   0.00   0.00   0.00   0.00   1.40   2.80  50.00
-- acbc[hv]7      0.00   0.00   1.40   0.00   0.00   0.00   0.00   0.00   0.00   0.00   1.40   2.80  50.00
Summary table
                           corrector strength [Tm]
name               x      s      o      ccp    ccm    ccs    iterror arc    d2trans lumi   tot    max    margin [%]
-- acbx[hv]1      0.14   0.29   1.22   0.19  -0.00   0.00   0.92   0.00   0.00   0.00   2.63   2.50  -5.20
-- acbx[hv]2      0.07   0.14   0.55   0.19  -0.00   0.00   1.40   0.00   0.00   0.00   2.54   2.50  -1.42
-- acbx[hv]3      2.11   0.54   0.94   0.45   0.15   0.00   0.78   0.00   0.00   0.00   4.43   4.50   1.45
-- acbrd[hv]4     2.97   0.24   0.00   0.28   0.15   0.52   0.04   0.35   0.04   0.27   4.53   4.50  -0.63
-- acby[hv]s4     1.49   0.12   1.12   0.42   0.42   0.92   0.00   0.35   0.00   0.20   4.81   4.50  -6.98
-- acby[hv]s5     0.00   0.00   1.35   0.40   0.40   0.44   0.00   0.00   0.00   0.00   2.46   2.70   8.90
-- acbc[hv]6      0.00   0.00   0.47   0.00   0.00   0.00   0.00   0.00   0.00   0.00   0.47   2.80  83.31
-- acbc[hv]7      0.00   0.00   1.40   0.00   0.00   0.00   0.00   0.00   0.00   0.00   1.40   2.80  50.00


optics used: opt_150_150_150_150.madx
#---------- maximum orbit in different elements
elem               ccp [mm]     ccm [mm]     ccs [mm]       o [mm]    cc tot [mm]     tot [mm]
                     x    y       x    y       x    y       x    y       x    y       x    y
TAXS              0.00 0.00    0.00 0.00    0.00 0.00    2.00 2.00    0.00 0.00    2.00 2.00
MQXFA.[AB]1       0.00 0.00    0.00 0.00    0.00 0.00    2.45 2.45    0.00 0.00    2.45 2.45
MQXFB.[AB]2       0.18 0.18    0.00 0.00    0.00 0.00    3.58 3.48    0.18 0.18    3.76 3.67
MQXFA.[AB]3       0.41 0.41    0.01 0.01    0.00 0.00    2.82 2.71    0.41 0.41    3.23 3.12
MBXF              0.39 0.39    0.07 0.07    0.00 0.00    2.15 2.37    0.46 0.46    2.61 2.83
TAXN              0.47 0.47    0.39 0.39    0.00 0.00    2.99 3.06    0.86 0.86    3.85 3.92
MBRD              0.49 0.49    0.49 0.49    0.00 0.00    3.30 3.32    0.99 0.99    4.28 4.30
MCBRD             0.50 0.50    0.50 0.50    0.06 0.05    3.43 3.40    1.06 1.05    4.49 4.44
MCBYY             0.50 0.50    0.50 0.50    0.53 0.53    3.97 3.76    1.53 1.53    5.50 5.29
MQYY              0.48 0.48    0.48 0.48    0.48 0.53    3.91 3.62    1.44 1.50    5.35 5.11
TCLMB.5L          0.16 0.16    0.16 0.16    0.13 0.18    3.69 3.49    0.46 0.50    4.14 3.99
TCLMB.5R          0.15 0.15    0.15 0.15    0.16 0.12    3.40 3.35    0.46 0.42    3.85 3.77
MCBY[HV].5L       0.02 0.02    0.02 0.02    0.02 0.02    3.61 3.43    0.06 0.06    3.67 3.50
MCBY[HV].5R       0.01 0.01    0.01 0.01    0.01 0.01    3.29 3.25    0.03 0.03    3.32 3.28
MQY.5L            0.08 0.08    0.08 0.08    0.06 0.08    3.46 3.28    0.23 0.25    3.69 3.53
MQY.5R            0.04 0.04    0.04 0.04    0.04 0.03    3.02 2.99    0.12 0.12    3.15 3.11
MCBC[HV].6L       0.00 0.00    0.00 0.00    0.00 0.00    2.13 2.02    0.00 0.00    2.13 2.02
MCBC[HV].6R       0.00 0.00    0.00 0.00    0.00 0.00    2.04 2.03    0.00 0.00    2.04 2.03
MQML.6L           0.00 0.00    0.00 0.00    0.00 0.00    2.06 1.95    0.00 0.00    2.06 1.95
MQML.6R           0.00 0.00    0.00 0.00    0.00 0.00    1.78 1.77    0.00 0.00    1.78 1.77
TCLMC.6L          0.00 0.00    0.00 0.00    0.00 0.00    2.30 2.18    0.00 0.00    2.30 2.18
TCLMC.6R          0.00 0.00    0.00 0.00    0.00 0.00    2.17 2.17    0.00 0.00    2.17 2.17
