v_crabh.l1b1 = 11.5942861069 ;
v_crabh.l1b2 = 11.4670360112 ;
v_crabh.r1b1 = 11.4670638887 ;
v_crabh.r1b2 = 11.5943148867 ;
v_crabh.l5b1 = 11.5942938797 ;
v_crabh.l5b2 = 11.4670844484 ;
v_crabh.r5b1 = 11.4670915751 ;
v_crabh.r5b2 = 11.5942536766 ;
v_crabv.l1b1 = 12.0136674546 ;
v_crabv.l1b2 = 11.4067041228 ;
v_crabv.r1b1 = 11.4067110731 ;
v_crabv.r1b2 = 12.0136601249 ;
v_crabv.l5b1 = 12.0136671053 ;
v_crabv.l5b2 = 11.406703805 ;
v_crabv.r5b1 = 11.4067107581 ;
v_crabv.r5b2 = 12.0136598134 ;

Checking temp/orbit_knobs
for 'tot' use maximum value over 'x' and 's'
                           corrector strength [Tm]
name               x      s      o      ccp    ccm    ccs    iterr  lumi   tot    max    margin [%]
acbxh1.l5        -0.14  -0.28   0.00   0.19  -0.00   0.00   0.92   0.00   1.40   2.50  44.04
acbxh1.r5         0.14  -0.28   0.00  -0.19  -0.00   0.00   0.92   0.00   1.40   2.50  44.04
acbxv1.l5        -0.14   0.28   0.00  -0.19  -0.00   0.00   0.92   0.00   1.40   2.50  44.04
acbxv1.r5         0.14   0.28   0.00   0.19  -0.00   0.00   0.92   0.00   1.40   2.50  44.04
-- acbxv1         0.14   0.28   0.00   0.19  -0.00   0.00   0.92   0.00   1.40   2.50  44.04
acbxh2.l5        -0.07  -0.14   0.00   0.19  -0.00   0.00   1.40   0.00   1.74   2.50  30.48
acbxh2.r5         0.07  -0.14   0.00  -0.19  -0.00   0.00   1.40   0.00   1.74   2.50  30.48
acbxv2.l5        -0.07   0.14   0.00  -0.19  -0.00   0.00   1.40   0.00   1.74   2.50  30.48
acbxv2.r5         0.07   0.14   0.00   0.19  -0.00   0.00   1.40   0.00   1.74   2.50  30.48
-- acbxv2         0.07   0.14   0.00   0.19  -0.00   0.00   1.40   0.00   1.74   2.50  30.48
acbxh3.l5         2.16  -0.54   0.00  -0.45   0.15   0.00   0.78   0.00   3.54   4.50  21.34
acbxh3.r5        -2.16  -0.54   0.00   0.45   0.15   0.00   0.78   0.00   3.54   4.50  21.34
acbxv3.l5         2.16   0.54   0.00   0.45   0.15   0.00   0.78   0.00   3.54   4.50  21.34
acbxv3.r5        -2.16   0.54   0.00  -0.45   0.15   0.00   0.78   0.00   3.54   4.50  21.34
-- acbxv3         2.16   0.54   0.00   0.45   0.15   0.00   0.78   0.00   3.54   4.50  21.34
acbrdh4.l5b1     -1.84  -0.24   0.00  -0.04  -0.15   0.40   0.04   0.27   2.73   4.50  39.26
acbrdh4.l5b2      3.02   0.08   0.00  -0.28   0.15   0.43   0.04   0.27   4.19   4.50   6.93
acbrdh4.r5b1      3.02  -0.08   0.00  -0.28  -0.15   0.43   0.04   0.27   4.19   4.50   6.93
acbrdh4.r5b2     -1.84   0.24   0.00  -0.04   0.15   0.40   0.04   0.27   2.73   4.50  39.26
acbrdv4.l5b1     -3.02   0.08   0.00  -0.28  -0.15   0.35   0.04   0.27   4.10   4.50   8.88
acbrdv4.l5b2      1.84  -0.24   0.00  -0.04   0.15   0.52   0.04   0.27   2.85   4.50  36.58
acbrdv4.r5b1      1.84   0.24   0.00  -0.04  -0.15   0.52   0.04   0.27   2.85   4.50  36.58
acbrdv4.r5b2     -3.02  -0.08   0.00  -0.28   0.15   0.35   0.04   0.27   4.10   4.50   8.88
-- acbrdv4        3.02   0.24   0.00   0.28   0.15   0.52   0.04   0.27   4.19   4.50   6.93
acbyhs4.l5b1     -0.92  -0.12   0.00  -0.32  -0.32  -0.62   0.00   0.20   2.37   4.50  47.28
acbyhs4.l5b2      1.51   0.04   0.00  -0.37   0.37  -0.72   0.00   0.20   3.17   4.50  29.54
acbyhs4.r5b1      1.51  -0.04   0.00  -0.30  -0.30  -0.66   0.00   0.20   2.96   4.50  34.20
acbyhs4.r5b2     -0.92   0.12   0.00  -0.25   0.25  -0.57   0.00   0.20   2.18   4.50  51.51
acbyvs4.l5b1     -1.51   0.04   0.00  -0.37  -0.37  -0.57   0.00   0.20   3.02   4.50  32.82
acbyvs4.l5b2      0.92  -0.12   0.00  -0.31   0.31  -0.81   0.00   0.20   2.56   4.50  43.19
acbyvs4.r5b1      0.92   0.12   0.00  -0.25  -0.25  -0.74   0.00   0.20   2.36   4.50  47.54
acbyvs4.r5b2     -1.51  -0.04   0.00  -0.30   0.30  -0.53   0.00   0.20   2.83   4.50  37.05
-- acbyvs4        1.51   0.12   0.00   0.37   0.37   0.81   0.00   0.20   3.17   4.50  29.54
acbyhs5.l5b1      0.00   0.00   0.00  -0.35  -0.35  -0.25   0.00   0.00   0.96   2.70  64.59
acbyhs5.l5b2      0.00   0.00   0.00  -0.34   0.34  -0.26   0.00   0.00   0.93   2.70  65.63
acbyhs5.r5b1      0.00   0.00   0.00  -0.26  -0.26  -0.20   0.00   0.00   0.72   2.70  73.18
acbyhs5.r5b2      0.00   0.00   0.00  -0.28   0.28  -0.20   0.00   0.00   0.77   2.70  71.52
acbyvs5.l5b1      0.00   0.00   0.00  -0.34  -0.34  -0.20   0.00   0.00   0.88   2.70  67.53
acbyvs5.l5b2      0.00   0.00   0.00  -0.35   0.35  -0.32   0.00   0.00   1.03   2.70  61.81
acbyvs5.r5b1      0.00   0.00   0.00  -0.29  -0.29  -0.26   0.00   0.00   0.83   2.70  69.26
acbyvs5.r5b2      0.00   0.00   0.00  -0.26   0.26  -0.16   0.00   0.00   0.68   2.70  74.65
-- acbyvs5        0.00   0.00   0.00   0.35   0.35   0.32   0.00   0.00   1.03   2.70  61.81
acbch6.l5b1       0.00   0.00   0.00   0.00   0.00   0.00   0.00   0.00   0.00   2.80 100.00
acbch6.r5b2       0.00   0.00   0.00   0.00   0.00   0.00   0.00   0.00   0.00   2.80 100.00
acbcv6.l5b2       0.00   0.00   0.00   0.00   0.00   0.00   0.00   0.00   0.00   2.80 100.00
acbcv6.r5b1       0.00   0.00   0.00   0.00   0.00   0.00   0.00   0.00   0.00   2.80 100.00
-- acbcv6         0.00   0.00   0.00   0.00   0.00   0.00   0.00   0.00   0.00   2.80 100.00
acbch7.l5b2       0.00   0.00   0.00   0.00   0.00   0.00   0.00   0.00   0.00   2.80 100.00
acbch7.r5b1       0.00   0.00   0.00   0.00   0.00   0.00   0.00   0.00   0.00   2.80 100.00
acbcv7.l5b1       0.00   0.00   0.00   0.00   0.00   0.00   0.00   0.00   0.00   2.80 100.00
acbcv7.r5b2       0.00   0.00   0.00   0.00   0.00   0.00   0.00   0.00   0.00   2.80 100.00
-- acbcv7         0.00   0.00   0.00   0.00   0.00   0.00   0.00   0.00   0.00   2.80 100.00
Summary table
                           corrector strength [Tm]
name               x      s      o      ccp    ccm    ccs    iterr  tot    max    margin [%]
-- acbxv1         0.14   0.28   0.00   0.19  -0.00   0.00   0.92   0.00   1.40   2.50  44.04
-- acbxv2         0.07   0.14   0.00   0.19  -0.00   0.00   1.40   0.00   1.74   2.50  30.48
-- acbxv3         2.16   0.54   0.00   0.45   0.15   0.00   0.78   0.00   3.54   4.50  21.34
-- acbrdv4        3.02   0.24   0.00   0.28   0.15   0.52   0.04   0.27   4.19   4.50   6.93
-- acbyvs4        1.51   0.12   0.00   0.37   0.37   0.81   0.00   0.20   3.17   4.50  29.54
-- acbyvs5        0.00   0.00   0.00   0.35   0.35   0.32   0.00   0.00   1.03   2.70  61.81
-- acbcv6         0.00   0.00   0.00   0.00   0.00   0.00   0.00   0.00   0.00   2.80 100.00
-- acbcv7         0.00   0.00   0.00   0.00   0.00   0.00   0.00   0.00   0.00   2.80 100.00
