v_crabh.l1b1 =        11.68216788 ;
v_crabh.l1b2 =        11.37196502 ;
v_crabh.r1b1 =        11.37199165 ;
v_crabh.r1b2 =        11.68219701 ;
v_crabh.l5b1 =        11.68217509 ;
v_crabh.l5b2 =        11.37201304 ;
v_crabh.r5b1 =        11.37201969 ;
v_crabh.r5b2 =        11.68213343 ;
v_crabv.l1b1 =        11.90454787 ;
v_crabv.l1b2 =        11.48752835 ;
v_crabv.r1b1 =        11.48753511 ;
v_crabv.r1b2 =        11.90454085 ;
v_crabv.l5b1 =        11.90454753 ;
v_crabv.l5b2 =        11.48752804 ;
v_crabv.r5b1 =         11.4875348 ;
v_crabv.r5b2 =        11.90454055 ;

Checking temp/orbit_knobs
for 'tot' use maximum value over 'x' and 's'
                           corrector strength [Tm]
name               x      s      o      ccp    ccm    ccs    iterr  lumi   tot    max    margin [%]
acbxh1.l5        -0.14  -0.29   0.00   0.19  -0.00   0.00   0.92   0.00   1.40   2.50  43.80
acbxh1.r5         0.14  -0.29   0.00  -0.19  -0.00   0.00   0.92   0.00   1.40   2.50  43.80
acbxv1.l5        -0.14   0.29   0.00  -0.19  -0.00   0.00   0.92   0.00   1.40   2.50  43.80
acbxv1.r5         0.14   0.29   0.00   0.19  -0.00   0.00   0.92   0.00   1.40   2.50  43.80
-- acbxv1         0.14   0.29   0.00   0.19  -0.00   0.00   0.92   0.00   1.40   2.50  43.80
acbxh2.l5        -0.07  -0.14   0.00   0.19  -0.00   0.00   1.40   0.00   1.74   2.50  30.36
acbxh2.r5         0.07  -0.14   0.00  -0.19  -0.00   0.00   1.40   0.00   1.74   2.50  30.36
acbxv2.l5        -0.07   0.14   0.00  -0.19  -0.00   0.00   1.40   0.00   1.74   2.50  30.36
acbxv2.r5         0.07   0.14   0.00   0.19  -0.00   0.00   1.40   0.00   1.74   2.50  30.36
-- acbxv2         0.07   0.14   0.00   0.19  -0.00   0.00   1.40   0.00   1.74   2.50  30.36
acbxh3.l5         2.11  -0.54   0.00  -0.45   0.15   0.00   0.78   0.00   3.49   4.50  22.45
acbxh3.r5        -2.11  -0.54   0.00   0.45   0.15   0.00   0.78   0.00   3.49   4.50  22.45
acbxv3.l5         2.11   0.54   0.00   0.45   0.15   0.00   0.78   0.00   3.49   4.50  22.45
acbxv3.r5        -2.11   0.54   0.00  -0.45   0.15   0.00   0.78   0.00   3.49   4.50  22.45
-- acbxv3         2.11   0.54   0.00   0.45   0.15   0.00   0.78   0.00   3.49   4.50  22.45
acbrdh4.l5b1     -1.81  -0.24   0.00  -0.04  -0.15   0.40   0.04   0.27   2.71   4.50  39.88
acbrdh4.l5b2      2.97   0.08   0.00  -0.28   0.15   0.43   0.04   0.27   4.14   4.50   7.93
acbrdh4.r5b1      2.97  -0.08   0.00  -0.28  -0.15   0.43   0.04   0.27   4.14   4.50   7.93
acbrdh4.r5b2     -1.81   0.24   0.00  -0.04   0.15   0.40   0.04   0.27   2.71   4.50  39.88
acbrdv4.l5b1     -2.97   0.08   0.00  -0.28  -0.15   0.35   0.04   0.27   4.06   4.50   9.88
acbrdv4.l5b2      1.81  -0.24   0.00  -0.04   0.15   0.52   0.04   0.27   2.83   4.50  37.21
acbrdv4.r5b1      1.81   0.24   0.00  -0.04  -0.15   0.52   0.04   0.27   2.83   4.50  37.21
acbrdv4.r5b2     -2.97  -0.08   0.00  -0.28   0.15   0.35   0.04   0.27   4.06   4.50   9.88
-- acbrdv4        2.97   0.24   0.00   0.28   0.15   0.52   0.04   0.27   4.14   4.50   7.93
acbyhs4.l5b1     -0.91  -0.12   0.00  -0.36  -0.36  -0.70   0.00   0.20   2.54   4.50  43.57
acbyhs4.l5b2      1.49   0.04   0.00  -0.42   0.42  -0.82   0.00   0.20   3.34   4.50  25.86
acbyhs4.r5b1      1.49  -0.04   0.00  -0.32  -0.32  -0.73   0.00   0.20   3.06   4.50  31.97
acbyhs4.r5b2     -0.91   0.12   0.00  -0.28   0.28  -0.63   0.00   0.20   2.29   4.50  49.18
acbyvs4.l5b1     -1.49   0.04   0.00  -0.42  -0.42  -0.65   0.00   0.20   3.17   4.50  29.58
acbyvs4.l5b2      0.91  -0.12   0.00  -0.36   0.36  -0.92   0.00   0.20   2.75   4.50  38.93
acbyvs4.r5b1      0.91   0.12   0.00  -0.28  -0.28  -0.82   0.00   0.20   2.48   4.50  44.78
acbyvs4.r5b2     -1.49  -0.04   0.00  -0.32   0.32  -0.58   0.00   0.20   2.92   4.50  35.12
-- acbyvs4        1.49   0.12   0.00   0.42   0.42   0.92   0.00   0.20   3.34   4.50  25.86
acbyhs5.l5b1      0.00   0.00   0.00  -0.40  -0.40  -0.34   0.00   0.00   1.14   2.70  57.63
acbyhs5.l5b2      0.00   0.00   0.00  -0.38   0.38  -0.35   0.00   0.00   1.11   2.70  58.90
acbyhs5.r5b1      0.00   0.00   0.00  -0.29  -0.29  -0.26   0.00   0.00   0.84   2.70  68.89
acbyhs5.r5b2      0.00   0.00   0.00  -0.32   0.32  -0.26   0.00   0.00   0.90   2.70  66.77
acbyvs5.l5b1      0.00   0.00   0.00  -0.38  -0.38  -0.28   0.00   0.00   1.04   2.70  61.48
acbyvs5.l5b2      0.00   0.00   0.00  -0.40   0.40  -0.44   0.00   0.00   1.25   2.70  53.83
acbyvs5.r5b1      0.00   0.00   0.00  -0.32  -0.32  -0.35   0.00   0.00   0.98   2.70  63.78
acbyvs5.r5b2      0.00   0.00   0.00  -0.29   0.29  -0.21   0.00   0.00   0.79   2.70  70.84
-- acbyvs5        0.00   0.00   0.00   0.40   0.40   0.44   0.00   0.00   1.25   2.70  53.83
acbch6.l5b1       0.00   0.00   0.00   0.00   0.00   0.00   0.00   0.00   0.00   2.80 100.00
acbch6.r5b2       0.00   0.00   0.00   0.00   0.00   0.00   0.00   0.00   0.00   2.80 100.00
acbcv6.l5b2       0.00   0.00   0.00   0.00   0.00   0.00   0.00   0.00   0.00   2.80 100.00
acbcv6.r5b1       0.00   0.00   0.00   0.00   0.00   0.00   0.00   0.00   0.00   2.80 100.00
-- acbcv6         0.00   0.00   0.00   0.00   0.00   0.00   0.00   0.00   0.00   2.80 100.00
acbch7.l5b2       0.00   0.00   0.00   0.00   0.00   0.00   0.00   0.00   0.00   2.80 100.00
acbch7.r5b1       0.00   0.00   0.00   0.00   0.00   0.00   0.00   0.00   0.00   2.80 100.00
acbcv7.l5b1       0.00   0.00   0.00   0.00   0.00   0.00   0.00   0.00   0.00   2.80 100.00
acbcv7.r5b2       0.00   0.00   0.00   0.00   0.00   0.00   0.00   0.00   0.00   2.80 100.00
-- acbcv7         0.00   0.00   0.00   0.00   0.00   0.00   0.00   0.00   0.00   2.80 100.00
Summary table
                           corrector strength [Tm]
name               x      s      o      ccp    ccm    ccs    iterr  tot    max    margin [%]
-- acbxv1         0.14   0.29   0.00   0.19  -0.00   0.00   0.92   0.00   1.40   2.50  43.80
-- acbxv2         0.07   0.14   0.00   0.19  -0.00   0.00   1.40   0.00   1.74   2.50  30.36
-- acbxv3         2.11   0.54   0.00   0.45   0.15   0.00   0.78   0.00   3.49   4.50  22.45
-- acbrdv4        2.97   0.24   0.00   0.28   0.15   0.52   0.04   0.27   4.14   4.50   7.93
-- acbyvs4        1.49   0.12   0.00   0.42   0.42   0.92   0.00   0.20   3.34   4.50  25.86
-- acbyvs5        0.00   0.00   0.00   0.40   0.40   0.44   0.00   0.00   1.25   2.70  53.83
-- acbcv6         0.00   0.00   0.00   0.00   0.00   0.00   0.00   0.00   0.00   2.80 100.00
-- acbcv7         0.00   0.00   0.00   0.00   0.00   0.00   0.00   0.00   0.00   2.80 100.00


#---------- maximum orbit in different elements
elem               ccp [mm]     ccm [mm]     ccs [mm]       o [mm]    cc tot [mm]     tot [mm]
                     x    y       x    y       x    y       x    y       x    y       x    y
TAXS              0.00 0.00    0.00 0.00    0.00 0.00    2.00 2.00    0.00 0.00    2.00 2.00
MQXFA.[AB]1       0.00 0.00    0.00 0.00    0.00 0.00    2.45 2.45    0.00 0.00    2.45 2.45
MQXFB.[AB]2       0.18 0.18    0.00 0.00    0.00 0.00    3.58 3.48    0.18 0.18    3.76 3.67
MQXFA.[AB]3       0.41 0.41    0.01 0.01    0.00 0.00    2.82 2.71    0.41 0.41    3.23 3.12
MBXF              0.39 0.39    0.07 0.07    0.00 0.00    2.15 2.37    0.46 0.46    2.61 2.83
TAXN              0.47 0.47    0.39 0.39    0.00 0.00    2.99 3.06    0.86 0.86    3.85 3.92
MBRD              0.49 0.49    0.49 0.49    0.00 0.00    3.30 3.32    0.99 0.99    4.28 4.30
MCBRD             0.50 0.50    0.50 0.50    0.06 0.05    3.43 3.40    1.06 1.05    4.49 4.44
MCBYY             0.50 0.50    0.50 0.50    0.53 0.53    3.97 3.76    1.53 1.53    5.50 5.29
MQYY              0.48 0.48    0.48 0.48    0.48 0.53    3.91 3.62    1.44 1.50    5.35 5.11
TCLMB.5L          0.16 0.16    0.16 0.16    0.13 0.18    3.69 3.49    0.46 0.50    4.14 3.99
TCLMB.5R          0.15 0.15    0.15 0.15    0.16 0.12    3.40 3.35    0.46 0.42    3.85 3.77
MCBY[HV].5L       0.02 0.02    0.02 0.02    0.02 0.02    3.61 3.43    0.06 0.06    3.67 3.50
MCBY[HV].5R       0.01 0.01    0.01 0.01    0.01 0.01    3.29 3.25    0.03 0.03    3.32 3.28
MQY.5L            0.08 0.08    0.08 0.08    0.06 0.08    3.46 3.28    0.23 0.25    3.69 3.53
MQY.5R            0.04 0.04    0.04 0.04    0.04 0.03    3.02 2.99    0.12 0.12    3.15 3.11
MCBC[HV].6L       0.00 0.00    0.00 0.00    0.00 0.00    2.13 2.02    0.00 0.00    2.13 2.02
MCBC[HV].6R       0.00 0.00    0.00 0.00    0.00 0.00    2.04 2.03    0.00 0.00    2.04 2.03
MQML.6L           0.00 0.00    0.00 0.00    0.00 0.00    2.06 1.95    0.00 0.00    2.06 1.95
MQML.6R           0.00 0.00    0.00 0.00    0.00 0.00    1.78 1.77    0.00 0.00    1.78 1.77
TCLMC.6L          0.00 0.00    0.00 0.00    0.00 0.00    2.30 2.18    0.00 0.00    2.30 2.18
TCLMC.6R          0.00 0.00    0.00 0.00    0.00 0.00    2.17 2.17    0.00 0.00    2.17 2.17
