used optics opt_presqueeze_1_8m_mcbrd_mcbyy.madx with cd2q4=0.3
for 'tot' use maximum value over 'x' and 's'
                           corrector strength [Tm]
name               x      s      o      ccp    ccm    ccs    iterr  lumi   arc    d2trans tot    max    margin [%]
acbxh1.l1        -0.19  -0.28   0.85   0.19  -0.00   0.00   0.92   0.00   0.00   0.00   2.25   2.50  10.04
acbxh1.l5        -0.19  -0.28   0.85   0.19  -0.00   0.00   0.92   0.00   0.00   0.00   2.25   2.50  10.04
acbxh1.r1         0.19  -0.28  -0.85  -0.19  -0.00   0.00   0.92   0.00   0.00   0.00   2.25   2.50  10.04
acbxh1.r5         0.19  -0.28  -0.85  -0.19  -0.00   0.00   0.92   0.00   0.00   0.00   2.25   2.50  10.04
acbxv1.l1        -0.19   0.28  -0.85  -0.19  -0.00   0.00   0.92   0.00   0.00   0.00   2.25   2.50  10.04
acbxv1.l5        -0.19   0.28  -0.88  -0.19  -0.00   0.00   0.92   0.00   0.00   0.00   2.27   2.50   9.04
acbxv1.r1         0.19   0.28   0.85   0.19  -0.00   0.00   0.92   0.00   0.00   0.00   2.25   2.50  10.04
acbxv1.r5         0.19   0.28   0.88   0.19  -0.00   0.00   0.92   0.00   0.00   0.00   2.27   2.50   9.04
-- acbx[hv]1      0.19   0.28   0.88   0.19  -0.00   0.00   0.92   0.00   0.00   0.00   2.27   2.50   9.04
acbxh2.l1        -0.09  -0.14  -0.16   0.19  -0.00   0.00   1.40   0.00   0.00   0.00   1.90   2.50  24.06
acbxh2.l5        -0.09  -0.14  -0.09   0.19  -0.00   0.00   1.40   0.00   0.00   0.00   1.83   2.50  26.71
acbxh2.r1         0.09  -0.14   0.13  -0.19  -0.00   0.00   1.40   0.00   0.00   0.00   1.87   2.50  25.22
acbxh2.r5         0.09  -0.14   0.14  -0.19  -0.00   0.00   1.40   0.00   0.00   0.00   1.88   2.50  24.86
acbxv2.l1        -0.09   0.14   0.04  -0.19  -0.00   0.00   1.40   0.00   0.00   0.00   1.78   2.50  28.72
acbxv2.l5        -0.09   0.14  -0.00  -0.19  -0.00   0.00   1.40   0.00   0.00   0.00   1.74   2.50  30.32
acbxv2.r1         0.09   0.14  -0.05   0.19  -0.00   0.00   1.40   0.00   0.00   0.00   1.79   2.50  28.40
acbxv2.r5         0.09   0.14  -0.14   0.19  -0.00   0.00   1.40   0.00   0.00   0.00   1.87   2.50  25.01
-- acbx[hv]2      0.09   0.14   0.14   0.19  -0.00   0.00   1.40   0.00   0.00   0.00   1.90   2.50  24.06
acbxh3.l1         2.29  -0.54  -0.36  -0.45   0.15   0.00   0.78   0.00   0.00   0.00   4.03   4.50  10.36
acbxh3.l5         2.29  -0.54  -0.36  -0.45   0.15   0.00   0.78   0.00   0.00   0.00   4.03   4.50  10.36
acbxh3.r1        -2.29  -0.54   0.36   0.45   0.15   0.00   0.78   0.00   0.00   0.00   4.03   4.50  10.36
acbxh3.r5        -2.29  -0.54   0.36   0.45   0.15   0.00   0.78   0.00   0.00   0.00   4.03   4.50  10.36
acbxv3.l1         2.29   0.54   0.41   0.45   0.15   0.00   0.78   0.00   0.00   0.00   4.08   4.50   9.37
acbxv3.l5         2.29   0.54   0.41   0.45   0.15   0.00   0.78   0.00   0.00   0.00   4.08   4.50   9.37
acbxv3.r1        -2.29   0.54  -0.41  -0.45   0.15   0.00   0.78   0.00   0.00   0.00   4.08   4.50   9.37
acbxv3.r5        -2.29   0.54  -0.41  -0.45   0.15   0.00   0.78   0.00   0.00   0.00   4.08   4.50   9.37
-- acbx[hv]3      2.29   0.54   0.41   0.45   0.15   0.00   0.78   0.00   0.00   0.00   4.08   4.50   9.37
acbrdh4.l1b1     -2.17  -0.28   0.00  -0.04  -0.15   0.40   0.04   0.27   0.00   0.04   3.09   5.40  42.70
acbrdh4.l1b2      3.55   0.10   0.00  -0.28   0.15   0.43   0.04   0.27   0.00   0.04   4.76   5.40  11.91
acbrdh4.l5b1     -2.17  -0.28   0.00  -0.04  -0.15   0.40   0.04   0.27   0.00   0.04   3.09   5.40  42.70
acbrdh4.l5b2      3.55   0.10   0.00  -0.28   0.15   0.43   0.04   0.27   0.00   0.04   4.76   5.40  11.91
acbrdh4.r1b1      3.55  -0.10   0.00  -0.28  -0.15   0.43   0.04   0.27   0.00   0.04   4.76   5.40  11.91
acbrdh4.r1b2     -2.17   0.28   0.00  -0.04   0.15   0.40   0.04   0.27   0.00   0.04   3.09   5.40  42.70

acbrdh4.r5b1      3.55  -0.10   0.00  -0.28  -0.15   0.43   0.04   0.27   0.00   0.04   4.76   5.40  11.91
acbrdh4.r5b2     -2.17   0.28   0.00  -0.04   0.15   0.40   0.04   0.27   0.00   0.04   3.09   5.40  42.70
acbrdv4.l1b1     -3.55   0.10   0.00  -0.28  -0.15   0.35   0.04   0.27   0.00   0.04   4.67   5.40  13.53
acbrdv4.l1b2      2.17  -0.28   0.00  -0.04   0.15   0.52   0.04   0.27   0.00   0.04   3.21   5.40  40.47
acbrdv4.l5b1     -3.55   0.10   0.00  -0.28  -0.15   0.35   0.04   0.27   0.00   0.04   4.67   5.40  13.53
acbrdv4.l5b2      2.17  -0.28   0.00  -0.04   0.15   0.52   0.04   0.27   0.00   0.04   3.21   5.40  40.47
acbrdv4.r1b1      2.17   0.28   0.00  -0.04  -0.15   0.52   0.04   0.27   0.00   0.04   3.21   5.40  40.47
acbrdv4.r1b2     -3.55  -0.10   0.00  -0.28   0.15   0.35   0.04   0.27   0.00   0.04   4.67   5.40  13.53
acbrdv4.r5b1      2.17   0.28   0.00  -0.04  -0.15   0.52   0.04   0.27   0.00   0.04   3.21   5.40  40.47
acbrdv4.r5b2     -3.55  -0.10   0.00  -0.28   0.15   0.35   0.04   0.27   0.00   0.04   4.67   5.40  13.53
-- acbrd[hv]4     3.55   0.28   0.00   0.28   0.15   0.52   0.04   0.27   0.00   0.04   4.76   5.40  11.91
acbyhs4.l1b1     -0.65  -0.08   2.10  -0.28  -0.28  -0.63   0.00   0.20   0.70   0.00   4.85   5.40  10.26
acbyhs4.l1b2      1.07   0.03   1.30  -0.32   0.32  -0.73   0.00   0.20   0.70   0.00   4.63   5.40  14.19
acbyhs4.l5b1     -0.65  -0.08   1.72  -0.36  -0.36  -0.70   0.00   0.20   0.70   0.00   4.71   5.40  12.82
acbyhs4.l5b2      1.07   0.03   1.19  -0.42   0.42  -0.82   0.00   0.20   0.70   0.00   4.80   5.40  11.05
acbyhs4.r1b1      1.07  -0.03   1.30  -0.42  -0.42  -0.82   0.00   0.20   0.70   0.00   4.91   5.40   9.00
acbyhs4.r1b2     -0.65   0.08   1.84  -0.36   0.36  -0.70   0.00   0.20   0.70   0.00   4.81   5.40  10.87
acbyhs4.r5b1      1.07  -0.03   1.46  -0.32  -0.32  -0.73   0.00   0.20   0.70   0.00   4.80   5.40  11.14
acbyhs4.r5b2     -0.65   0.08   2.00  -0.28   0.28  -0.63   0.00   0.20   0.70   0.00   4.73   5.40  12.40
acbyvs4.l1b1     -1.07   0.03   1.46  -0.32  -0.32  -0.58   0.00   0.20   0.70   0.00   4.65   5.40  13.98
acbyvs4.l1b2      0.65  -0.08   1.75  -0.28   0.28  -0.82   0.00   0.20   0.70   0.00   4.68   5.40  13.35
acbyvs4.l5b1     -1.07   0.03   1.40  -0.42  -0.42  -0.65   0.00   0.20   0.70   0.00   4.85   5.40  10.15
acbyvs4.l5b2      0.65  -0.08   1.38  -0.36   0.36  -0.92   0.00   0.20   0.70   0.00   4.57   5.40  15.30
acbyvs4.r1b1      0.65   0.08   1.67  -0.36  -0.36  -0.91   0.00   0.20   0.70   0.00   4.86   5.40   9.96
acbyvs4.r1b2     -1.07  -0.03   1.46  -0.42   0.42  -0.65   0.00   0.20   0.70   0.00   4.92   5.40   8.95
acbyvs4.r5b1      0.65   0.08   2.03  -0.28  -0.28  -0.82   0.00   0.20   0.70   0.00   4.96   5.40   8.24
acbyvs4.r5b2     -1.07  -0.03   1.37  -0.32   0.32  -0.58   0.00   0.20   0.70   0.00   4.57   5.40  15.35
-- acby[hv]s4     1.07   0.08   2.10   0.42   0.42   0.92   0.00   0.20   0.70   0.00   4.96   5.40   8.24
acbyhs5.l1b1      0.00   0.00   0.00  -0.32  -0.32  -0.27   0.00   0.00   0.00   0.00   0.90   2.70  66.72
acbyhs5.l1b2      0.00   0.00  -1.06  -0.29   0.29  -0.26   0.00   0.00   0.00   0.00   1.90   2.70  29.77
acbyhs5.l5b1      0.00   0.00   0.00  -0.40  -0.40  -0.34   0.00   0.00   0.00   0.00   1.14   2.70  57.63
acbyhs5.l5b2      0.00   0.00  -1.23  -0.38   0.38  -0.35   0.00   0.00   0.00   0.00   2.34   2.70  13.51
acbyhs5.r1b1      0.00   0.00  -0.76  -0.38  -0.38  -0.35   0.00   0.00   0.00   0.00   1.87   2.70  30.90
acbyhs5.r1b2      0.00   0.00   0.00  -0.40   0.40  -0.34   0.00   0.00   0.00   0.00   1.15   2.70  57.57
acbyhs5.r5b1      0.00   0.00  -0.59  -0.29  -0.29  -0.26   0.00   0.00   0.00   0.00   1.43   2.70  46.96
acbyhs5.r5b2      0.00   0.00   0.00  -0.32   0.32  -0.26   0.00   0.00   0.00   0.00   0.90   2.70  66.77
acbyvs5.l1b1      0.00   0.00  -0.88  -0.29  -0.29  -0.21   0.00   0.00   0.00   0.00   1.66   2.70  38.36
acbyvs5.l1b2      0.00   0.00   0.00  -0.32   0.32  -0.35   0.00   0.00   0.00   0.00   0.98   2.70  63.65
acbyvs5.l5b1      0.00   0.00  -0.98  -0.38  -0.38  -0.28   0.00   0.00   0.00   0.00   2.02   2.70  25.18
acbyvs5.l5b2      0.00   0.00   0.00  -0.40   0.40  -0.44   0.00   0.00   0.00   0.00   1.25   2.70  53.83
acbyvs5.r1b1      0.00   0.00   0.00  -0.40  -0.40  -0.44   0.00   0.00   0.00   0.00   1.25   2.70  53.81
acbyvs5.r1b2      0.00   0.00  -0.55  -0.38   0.38  -0.28   0.00   0.00   0.00   0.00   1.59   2.70  41.04
acbyvs5.r5b1      0.00   0.00   0.00  -0.32  -0.32  -0.35   0.00   0.00   0.00   0.00   0.98   2.70  63.78
acbyvs5.r5b2      0.00   0.00  -0.59  -0.29   0.29  -0.21   0.00   0.00   0.00   0.00   1.37   2.70  49.09
-- acby[hv]s5     0.00   0.00   1.23   0.40   0.40   0.44   0.00   0.00   0.00   0.00   2.34   2.70  13.51
acbch6.l1b1       0.00   0.00  -1.26   0.00   0.00   0.00   0.00   0.00   0.00   0.00   1.26   2.80  55.17
acbch6.l5b1       0.00   0.00  -0.95   0.00   0.00   0.00   0.00   0.00   0.00   0.00   0.95   2.80  66.15
acbch6.r1b2       0.00   0.00  -1.04   0.00   0.00   0.00   0.00   0.00   0.00   0.00   1.04   2.80  62.78
acbch6.r5b2       0.00   0.00  -1.18   0.00   0.00   0.00   0.00   0.00   0.00   0.00   1.18   2.80  57.73
acbcv6.l1b2       0.00   0.00  -1.00   0.00   0.00   0.00   0.00   0.00   0.00   0.00   1.00   2.80  64.42
acbcv6.l5b2       0.00   0.00  -0.70   0.00   0.00   0.00   0.00   0.00   0.00   0.00   0.70   2.80  75.02
acbcv6.r1b1       0.00   0.00  -0.91   0.00   0.00   0.00   0.00   0.00   0.00   0.00   0.91   2.80  67.44
acbcv6.r5b1       0.00   0.00  -1.20   0.00   0.00   0.00   0.00   0.00   0.00   0.00   1.20   2.80  57.29
-- acbc[hv]6      0.00   0.00   1.26   0.00   0.00   0.00   0.00   0.00   0.00   0.00   1.26   2.80  55.17
acbch7.l1b2       0.00   0.00  -1.40   0.00   0.00   0.00   0.00   0.00   0.00   0.00   1.40   2.80  50.00
acbch7.l5b2       0.00   0.00  -1.40   0.00   0.00   0.00   0.00   0.00   0.00   0.00   1.40   2.80  50.00
acbch7.r1b1       0.00   0.00  -1.40   0.00   0.00   0.00   0.00   0.00   0.00   0.00   1.40   2.80  50.00
acbch7.r5b1       0.00   0.00  -1.40   0.00   0.00   0.00   0.00   0.00   0.00   0.00   1.40   2.80  50.00
acbcv7.l1b1       0.00   0.00  -1.40   0.00   0.00   0.00   0.00   0.00   0.00   0.00   1.40   2.80  50.00
acbcv7.l5b1       0.00   0.00  -1.40   0.00   0.00   0.00   0.00   0.00   0.00   0.00   1.40   2.80  50.00
acbcv7.r1b2       0.00   0.00  -1.39   0.00   0.00   0.00   0.00   0.00   0.00   0.00   1.39   2.80  50.52
acbcv7.r5b2       0.00   0.00  -1.40   0.00   0.00   0.00   0.00   0.00   0.00   0.00   1.40   2.80  50.00
-- acbc[hv]7      0.00   0.00   1.40   0.00   0.00   0.00   0.00   0.00   0.00   0.00   1.40   2.80  50.00
Summary table
                           corrector strength [Tm]
name               x      s      o      ccp    ccm    ccs    iterror lumi   arc    d2trans tot    max    margin [%]
-- acbx[hv]1      0.19   0.28   0.88   0.19  -0.00   0.00   0.92   0.00   0.00   0.00   2.27   2.50   9.04
-- acbx[hv]2      0.09   0.14   0.14   0.19  -0.00   0.00   1.40   0.00   0.00   0.00   1.90   2.50  24.06
-- acbx[hv]3      2.29   0.54   0.41   0.45   0.15   0.00   0.78   0.00   0.00   0.00   4.08   4.50   9.37
-- acbrd[hv]4     3.55   0.28   0.00   0.28   0.15   0.52   0.04   0.27   0.00   0.04   4.76   5.40  11.91
-- acby[hv]s4     1.07   0.08   2.10   0.42   0.42   0.92   0.00   0.20   0.70   0.00   4.96   5.40   8.24
-- acby[hv]s5     0.00   0.00   1.23   0.40   0.40   0.44   0.00   0.00   0.00   0.00   2.34   2.70  13.51
-- acbc[hv]6      0.00   0.00   1.26   0.00   0.00   0.00   0.00   0.00   0.00   0.00   1.26   2.80  55.17
-- acbc[hv]7      0.00   0.00   1.40   0.00   0.00   0.00   0.00   0.00   0.00   0.00   1.40   2.80  50.00
