Checking temp/ap_ir6b1.tfs
aperture margin hllhc_inj
  NAME             BETX   BETY   DX     DY     X      Y      N1     DN1
V MB.A11L6.B1      27.25 168.48   0.71   0.00   0.00   0.00   9.60  -0.00
V MB.A13L6.B1      32.03 168.92   1.06   0.00   0.00   0.00   9.59  -0.01
V MCBCV.8L6.B1     15.53 168.39   0.18   0.00   0.00   0.00   9.47  -0.13
V MCBCV.8L6.B1     16.03 167.90   0.17   0.00   0.00   0.00   9.48  -0.12
V MCBV.12L6.B1     30.47 176.29   1.03   0.00   0.00   0.00   9.34  -0.26
V MCBV.12L6.B1     31.14 173.04   1.04   0.00   0.00   0.00   9.43  -0.17
V MCBV.13R6.B1     32.03 175.32   1.05   0.00   0.00   0.00   9.37  -0.23
V MCBV.13R6.B1     32.69 172.23   1.06   0.00   0.00   0.00   9.45  -0.15
V MCS.A11L6.B1     26.90 170.14   0.70   0.00   0.00   0.00   9.55  -0.05
V MCS.A11L6.B1     27.01 169.58   0.70   0.00   0.00   0.00   9.57  -0.03
V MCS.A13L6.B1     31.68 170.47   1.05   0.00   0.00   0.00   9.54  -0.06
V MCS.A13L6.B1     31.79 169.95   1.06   0.00   0.00   0.00   9.56  -0.04
V MCS.C13R6.B1     33.51 168.66   1.07   0.00   0.00   0.00   9.59  -0.01
V MQ.11R6.B1       37.25 181.76   1.16   0.00   0.00   0.00   9.24  -0.36
V MQ.11R6.B1       37.30 181.30   1.16   0.00   0.00   0.00   9.26  -0.34
V MQ.11R6.B1       37.38 181.38   1.16   0.00   0.00   0.00   9.25  -0.35
V MQ.11R6.B1       37.55 179.99   1.16   0.00   0.00   0.00   9.29  -0.31
V MQ.11R6.B1       37.70 180.16   1.17   0.00   0.00   0.00   9.28  -0.32
V MQ.11R6.B1       37.98 177.87   1.16   0.00   0.00   0.00   9.35  -0.25
V MQ.11R6.B1       38.21 178.11   1.18   0.00   0.00   0.00   9.34  -0.26
V MQ.12L6.B1       29.09 183.56   1.01   0.00   0.00   0.00   9.40  -0.20
V MQ.12L6.B1       29.15 183.26   1.01   0.00   0.00   0.00   9.40  -0.20
V MQ.12L6.B1       29.20 183.02   1.01   0.00   0.00   0.00   9.41  -0.19
V MQ.12L6.B1       29.35 182.11   1.02   0.00   0.00   0.00   9.43  -0.17
V MQ.12L6.B1       29.45 181.62   1.02   0.00   0.00   0.00   9.45  -0.15
V MQ.12L6.B1       29.71 180.13   1.02   0.00   0.00   0.00   9.49  -0.11
V MQ.12L6.B1       29.87 179.40   1.02   0.00   0.00   0.00   9.51  -0.09
V MQ.13R6.B1       30.71 182.05   1.03   0.00   0.00   0.00   9.44  -0.16
V MQ.13R6.B1       30.79 181.63   1.03   0.00   0.00   0.00   9.45  -0.15
V MQ.13R6.B1       30.79 181.63   1.03   0.00   0.00   0.00   9.45  -0.15
V MQ.13R6.B1       31.03 180.37   1.04   0.00   0.00   0.00   9.48  -0.12
V MQ.13R6.B1       31.03 180.37   1.04   0.00   0.00   0.00   9.48  -0.12
V MQ.13R6.B1       31.44 178.28   1.04   0.00   0.00   0.00   9.54  -0.06
V MQ.13R6.B1       31.44 178.28   1.04   0.00   0.00   0.00   9.54  -0.06
V MQML.10L6.B1     24.45 182.92   0.63   0.00   0.00   0.00   9.25  -0.35
V MQML.10L6.B1     24.47 182.93   0.64   0.00   0.00   0.00   9.25  -0.35
V MQML.10L6.B1     24.56 182.11   0.63   0.00   0.00   0.00   9.27  -0.33
V MQML.10L6.B1     24.63 182.13   0.65   0.00   0.00   0.00   9.27  -0.33
V MQML.10L6.B1     24.81 180.49   0.62   0.00   0.00   0.00   9.32  -0.28
V MQML.10L6.B1     24.91 180.54   0.66   0.00   0.00   0.00   9.31  -0.29
V MQML.10L6.B1     25.18 178.10   0.62   0.00   0.00   0.00   9.38  -0.22
V MQML.10L6.B1     25.33 178.16   0.67   0.00   0.00   0.00   9.38  -0.22
V MQML.10L6.B1     25.70 174.94   0.62   0.00   0.00   0.00   9.47  -0.13
V MQML.10L6.B1     26.36 171.05   0.62   0.00   0.00   0.00   9.57  -0.03
V MQML.8L6.B1      15.08 167.18   0.19   0.00   0.00   0.00   9.50  -0.10
V MQML.8L6.B1      15.12 168.11   0.19   0.00   0.00   0.00   9.48  -0.12
V MQML.8L6.B1      15.12 165.76   0.20   0.00   0.00   0.00   9.54  -0.06
V MQML.8L6.B1      15.24 168.55   0.19   0.00   0.00   0.00   9.46  -0.14
V MQML.8L6.B1      15.24 163.87   0.20   0.00   0.00   0.00   9.60  -0.00
V MQML.8L6.B1      15.44 168.50   0.18   0.00   0.00   0.00   9.46  -0.14
V MQT.12L6.B1      29.97 178.75   1.03   0.00   0.00   0.00   9.38  -0.22
V MQT.12L6.B1      30.26 177.24   1.03   0.00   0.00   0.00   9.42  -0.18
V MQT.13R6.B1      31.72 176.84   1.05   0.00   0.00   0.00   9.43  -0.17
V MQT.13R6.B1      32.03 175.31   1.05   0.00   0.00   0.00   9.47  -0.13
V MQTLI.11R6.B1    38.16 177.04   1.17   0.00   0.00   0.00   9.37  -0.23
V MQTLI.11R6.B1    38.84 173.91   1.17   0.00   0.00   0.00   9.45  -0.15
V MQTLI.11R6.B1    39.54 170.88   1.18   0.00   0.00   0.00   9.54  -0.06
V MQY.5R6.B1      150.02 687.00   0.00   0.00   0.00   0.00   9.58  -0.02
V MQY.5R6.B1      152.52 685.59   0.00   0.00   0.00   0.00   9.59  -0.01
V MS.11R6.B1       39.73 170.07   1.18   0.00   0.00   0.00   9.56  -0.04
V MS.12L6.B1       30.02 178.59   1.02   0.00   0.00   0.00   9.41  -0.19
V MS.12L6.B1       30.39 176.72   1.03   0.00   0.00   0.00   9.46  -0.14
V MS.13R6.B1       31.59 177.50   1.05   0.00   0.00   0.00   9.44  -0.16
V MS.13R6.B1       31.95 175.73   1.05   0.00   0.00   0.00   9.48  -0.12
