v_crabh.l1b1 = 11.5942861069 ;
v_crabh.l1b2 = 11.4670360112 ;
v_crabh.r1b1 = 11.4670638887 ;
v_crabh.r1b2 = 11.5943148867 ;
v_crabh.l5b1 = 11.5942938797 ;
v_crabh.l5b2 = 11.4670844484 ;
v_crabh.r5b1 = 11.4670915751 ;
v_crabh.r5b2 = 11.5942536766 ;
v_crabv.l1b1 = 12.0136674546 ;
v_crabv.l1b2 = 11.4067041228 ;
v_crabv.r1b1 = 11.4067110731 ;
v_crabv.r1b2 = 12.0136601249 ;
v_crabv.l5b1 = 12.0136671053 ;
v_crabv.l5b2 = 11.406703805 ;
v_crabv.r5b1 = 11.4067107581 ;
v_crabv.r5b2 = 12.0136598134 ;

Checking Q4_4m/orbit_knobs_presqueeze
for 'tot' use maximum value over 'x' and 's'
                           corrector strength [Tm]
name               x      s      o      ccp    ccm    ccs    iterr  lumi   tot    max    margin [%]
acbxh1.l5        -0.14  -0.28   1.00   0.19  -0.00   0.00   0.92   0.00   2.40   2.50   4.04
acbxh1.r5         0.14  -0.28  -1.00  -0.19  -0.00   0.00   0.92   0.00   2.40   2.50   4.04
acbxv1.l5        -0.14   0.28  -0.95  -0.19  -0.00   0.00   0.92   0.00   2.35   2.50   6.04
acbxv1.r5         0.14   0.28   0.95   0.19  -0.00   0.00   0.92   0.00   2.35   2.50   6.04
-- acbxv1         0.14   0.28   1.00   0.19  -0.00   0.00   0.92   0.00   2.40   2.50   4.04
acbxh2.l5        -0.07  -0.14   0.23   0.19  -0.00   0.00   1.40   0.00   1.97   2.50  21.09
acbxh2.r5         0.07  -0.14  -0.22  -0.19  -0.00   0.00   1.40   0.00   1.96   2.50  21.78
acbxv2.l5        -0.07   0.14  -0.29  -0.19  -0.00   0.00   1.40   0.00   2.03   2.50  18.98
acbxv2.r5         0.07   0.14   0.29   0.19  -0.00   0.00   1.40   0.00   2.03   2.50  18.80
-- acbxv2         0.07   0.14   0.29   0.19  -0.00   0.00   1.40   0.00   2.03   2.50  18.80
acbxh3.l5         2.16  -0.54  -0.81  -0.45   0.15   0.00   0.78   0.00   4.35   4.50   3.34
acbxh3.r5        -2.16  -0.54   0.81   0.45   0.15   0.00   0.78   0.00   4.35   4.50   3.34
acbxv3.l5         2.16   0.54   0.81   0.45   0.15   0.00   0.78   0.00   4.35   4.50   3.34
acbxv3.r5        -2.16   0.54  -0.81  -0.45   0.15   0.00   0.78   0.00   4.35   4.50   3.34
-- acbxv3         2.16   0.54   0.81   0.45   0.15   0.00   0.78   0.00   4.35   4.50   3.34
acbrdh4.l5b1     -1.84  -0.24   0.00  -0.04  -0.15   0.40   0.04   0.27   2.73   4.50  39.26
acbrdh4.l5b2      3.02   0.08   0.00  -0.28   0.15   0.43   0.04   0.27   4.19   4.50   6.93
acbrdh4.r5b1      3.02  -0.08   0.00  -0.28  -0.15   0.43   0.04   0.27   4.19   4.50   6.93
acbrdh4.r5b2     -1.84   0.24   0.00  -0.04   0.15   0.40   0.04   0.27   2.73   4.50  39.26
acbrdv4.l5b1     -3.02   0.08   0.00  -0.28  -0.15   0.35   0.04   0.27   4.10   4.50   8.88
acbrdv4.l5b2      1.84  -0.24   0.00  -0.04   0.15   0.52   0.04   0.27   2.85   4.50  36.58
acbrdv4.r5b1      1.84   0.24   0.00  -0.04  -0.15   0.52   0.04   0.27   2.85   4.50  36.58
acbrdv4.r5b2     -3.02  -0.08   0.00  -0.28   0.15   0.35   0.04   0.27   4.10   4.50   8.88
-- acbrdv4        3.02   0.24   0.00   0.28   0.15   0.52   0.04   0.27   4.19   4.50   6.93
acbyhs4.l5b1     -0.92  -0.12   1.07  -0.32  -0.32  -0.62   0.00   0.20   3.44   4.50  23.52
acbyhs4.l5b2      1.51   0.04   1.12  -0.37   0.37  -0.72   0.00   0.20   4.30   4.50   4.54
acbyhs4.r5b1      1.51  -0.04   1.21  -0.30  -0.30  -0.66   0.00   0.20   4.18   4.50   7.20
acbyhs4.r5b2     -0.92   0.12   1.17  -0.25   0.25  -0.57   0.00   0.20   3.35   4.50  25.57
acbyvs4.l5b1     -1.51   0.04   1.13  -0.37  -0.37  -0.57   0.00   0.20   4.16   4.50   7.62
acbyvs4.l5b2      0.92  -0.12   1.04  -0.31   0.31  -0.81   0.00   0.20   3.60   4.50  20.07
acbyvs4.r5b1      0.92   0.12   1.06  -0.25  -0.25  -0.74   0.00   0.20   3.43   4.50  23.88
acbyvs4.r5b2     -1.51  -0.04   1.13  -0.30   0.30  -0.53   0.00   0.20   3.97   4.50  11.85
-- acbyvs4        1.51   0.12   1.21   0.37   0.37   0.81   0.00   0.20   4.30   4.50   4.54
acbyhs5.l5b1      0.00   0.00   0.00  -0.35  -0.35  -0.25   0.00   0.00   0.96   2.70  64.59
acbyhs5.l5b2      0.00   0.00  -0.72  -0.34   0.34  -0.26   0.00   0.00   1.65   2.70  38.83
acbyhs5.r5b1      0.00   0.00  -0.45  -0.26  -0.26  -0.20   0.00   0.00   1.18   2.70  56.48
acbyhs5.r5b2      0.00   0.00   0.00  -0.28   0.28  -0.20   0.00   0.00   0.77   2.70  71.52
acbyvs5.l5b1      0.00   0.00  -0.72  -0.34  -0.34  -0.20   0.00   0.00   1.60   2.70  40.85
acbyvs5.l5b2      0.00   0.00   0.00  -0.35   0.35  -0.32   0.00   0.00   1.03   2.70  61.81
acbyvs5.r5b1      0.00   0.00   0.00  -0.29  -0.29  -0.26   0.00   0.00   0.83   2.70  69.26
acbyvs5.r5b2      0.00   0.00  -0.72  -0.26   0.26  -0.16   0.00   0.00   1.40   2.70  48.05
-- acbyvs5        0.00   0.00   0.72   0.35   0.35   0.32   0.00   0.00   1.65   2.70  38.83
acbch6.l5b1       0.00   0.00  -0.38   0.00   0.00   0.00   0.00   0.00   0.38   2.80  86.36
acbch6.r5b2       0.00   0.00  -0.47   0.00   0.00   0.00   0.00   0.00   0.47   2.80  83.39
acbcv6.l5b2       0.00   0.00  -0.37   0.00   0.00   0.00   0.00   0.00   0.37   2.80  86.73
acbcv6.r5b1       0.00   0.00  -0.39   0.00   0.00   0.00   0.00   0.00   0.39   2.80  86.02
-- acbcv6         0.00   0.00   0.47   0.00   0.00   0.00   0.00   0.00   0.47   2.80  83.39
acbch7.l5b2       0.00   0.00  -1.10   0.00   0.00   0.00   0.00   0.00   1.10   2.80  60.88
acbch7.r5b1       0.00   0.00  -1.19   0.00   0.00   0.00   0.00   0.00   1.19   2.80  57.50
acbcv7.l5b1       0.00   0.00  -1.13   0.00   0.00   0.00   0.00   0.00   1.13   2.80  59.69
acbcv7.r5b2       0.00   0.00  -1.40   0.00   0.00   0.00   0.00   0.00   1.40   2.80  50.00
-- acbcv7         0.00   0.00   1.40   0.00   0.00   0.00   0.00   0.00   1.40   2.80  50.00
Summary table
                           corrector strength [Tm]
name               x      s      o      ccp    ccm    ccs    iterr  tot    max    margin [%]
-- acbxv1         0.14   0.28   1.00   0.19  -0.00   0.00   0.92   0.00   2.40   2.50   4.04
-- acbxv2         0.07   0.14   0.29   0.19  -0.00   0.00   1.40   0.00   2.03   2.50  18.80
-- acbxv3         2.16   0.54   0.81   0.45   0.15   0.00   0.78   0.00   4.35   4.50   3.34
-- acbrdv4        3.02   0.24   0.00   0.28   0.15   0.52   0.04   0.27   4.19   4.50   6.93
-- acbyvs4        1.51   0.12   1.21   0.37   0.37   0.81   0.00   0.20   4.30   4.50   4.54
-- acbyvs5        0.00   0.00   0.72   0.35   0.35   0.32   0.00   0.00   1.65   2.70  38.83
-- acbcv6         0.00   0.00   0.47   0.00   0.00   0.00   0.00   0.00   0.47   2.80  83.39
-- acbcv7         0.00   0.00   1.40   0.00   0.00   0.00   0.00   0.00   1.40   2.80  50.00


#------- maximum orbit in different elements
elem               ccp [mm]     ccm [mm]     ccs [mm]       o [mm]    cc tot [mm]     tot [mm]
                     x    y       x    y       x    y       x    y       x    y       x    y
TAXS              0.00 0.00    0.00 0.00    0.00 0.00    2.00 2.00    0.00 0.00    2.00 2.00
MQXFA.[AB]1       0.00 0.00    0.00 0.00    0.00 0.00    2.45 2.45    0.00 0.00    2.45 2.45
MQXFB.[AB]2       0.18 0.18    0.00 0.00    0.00 0.00    3.49 3.47    0.18 0.18    3.67 3.65
MQXFA.[AB]3       0.40 0.40    0.01 0.01    0.00 0.00    2.70 2.67    0.41 0.41    3.11 3.08
MBXF              0.39 0.39    0.07 0.07    0.00 0.00    2.10 2.07    0.46 0.46    2.56 2.53
TAXN              0.47 0.47    0.39 0.39    0.00 0.00    3.20 3.16    0.86 0.86    4.06 4.02
MBRD              0.49 0.49    0.49 0.49    0.00 0.00    3.55 3.44    0.99 0.99    4.53 4.42
MCBRD             0.50 0.50    0.50 0.50    0.06 0.05    3.75 3.68    1.06 1.05    4.80 4.72
MCBYY             0.50 0.50    0.50 0.50    0.45 0.44    4.20 4.11    1.45 1.44    5.65 5.54
MQYY              0.49 0.49    0.49 0.49    0.40 0.44    4.09 4.00    1.38 1.42    5.47 5.41
TCLMB.5L          0.15 0.15    0.15 0.15    0.10 0.13    3.37 3.34    0.39 0.42    3.76 3.76
TCLMB.5R          0.13 0.13    0.13 0.13    0.12 0.09    3.41 3.35    0.39 0.36    3.80 3.71
MCBY[HV].5L       0.02 0.02    0.02 0.02    0.01 0.01    3.06 3.06    0.05 0.05    3.11 3.11
MCBY[HV].5R       0.01 0.01    0.01 0.01    0.01 0.01    3.30 3.25    0.03 0.02    3.32 3.28
MQY.5L            0.08 0.08    0.08 0.08    0.05 0.06    3.22 3.20    0.20 0.21    3.42 3.41
MQY.5R            0.04 0.04    0.04 0.04    0.03 0.02    3.03 3.00    0.11 0.10    3.13 3.10
MCBC[HV].6L       0.00 0.00    0.00 0.00    0.00 0.00    2.13 2.13    0.00 0.00    2.13 2.13
MCBC[HV].6R       0.00 0.00    0.00 0.00    0.00 0.00    1.73 2.03    0.00 0.00    1.73 2.03
MQML.6L           0.00 0.00    0.00 0.00    0.00 0.00    2.06 2.06    0.00 0.00    2.06 2.06
MQML.6R           0.00 0.00    0.00 0.00    0.00 0.00    1.78 1.77    0.00 0.00    1.78 1.77
TCLMC.6L          0.00 0.00    0.00 0.00    0.00 0.00    2.30 2.30    0.00 0.00    2.30 2.30
TCLMC.6R          0.00 0.00    0.00 0.00    0.00 0.00    2.18 2.17    0.00 0.00    2.18 2.17
