  NAME             BETX   BETY   DX     DY     X      Y      N1     DN1
V MCBCV.8L6.B1     15.17 165.18   0.19   0.00   0.00   0.00   9.56  -0.04
V MCBCV.8L6.B1     15.70 164.69   0.18   0.00   0.00   0.00   9.58  -0.02
V MCBV.12L6.B1     31.09 175.55   1.04   0.00   0.00   0.00   9.36  -0.24
V MCBV.12L6.B1     31.77 172.30   1.05   0.00   0.00   0.00   9.45  -0.15
V MCBV.13R6.B1     32.03 175.32   1.05   0.00   0.00   0.00   9.37  -0.23
V MCBV.13R6.B1     32.69 172.23   1.06   0.00   0.00   0.00   9.45  -0.15
V MCS.A11L6.B1     28.34 168.95   0.75   0.00   0.00   0.00   9.58  -0.02
V MCS.A13L6.B1     32.32 169.82   1.07   0.00   0.00   0.00   9.56  -0.04
V MCS.A13L6.B1     32.44 169.30   1.07   0.00   0.00   0.00   9.57  -0.03
V MCS.C13R6.B1     33.48 168.78   1.07   0.00   0.00   0.00   9.59  -0.01
V MQ.11R6.B1       38.91 180.30   1.18   0.00   0.00   0.00   9.28  -0.32
V MQ.11R6.B1       38.95 179.94   1.18   0.00   0.00   0.00   9.29  -0.31
V MQ.11R6.B1       39.08 179.82   1.18   0.00   0.00   0.00   9.29  -0.31
V MQ.11R6.B1       39.17 178.74   1.18   0.00   0.00   0.00   9.32  -0.28
V MQ.11R6.B1       39.44 178.52   1.19   0.00   0.00   0.00   9.33  -0.27
V MQ.11R6.B1       39.60 176.73   1.18   0.00   0.00   0.00   9.38  -0.22
V MQ.11R6.B1       40.00 176.39   1.20   0.00   0.00   0.00   9.38  -0.22
V MQ.12L6.B1       29.70 182.83   1.02   0.00   0.00   0.00   9.41  -0.19
V MQ.12L6.B1       29.75 182.54   1.03   0.00   0.00   0.00   9.42  -0.18
V MQ.12L6.B1       29.80 182.28   1.03   0.00   0.00   0.00   9.43  -0.17
V MQ.12L6.B1       29.96 181.41   1.03   0.00   0.00   0.00   9.45  -0.15
V MQ.12L6.B1       30.06 180.88   1.03   0.00   0.00   0.00   9.47  -0.13
V MQ.12L6.B1       30.32 179.44   1.04   0.00   0.00   0.00   9.50  -0.10
V MQ.12L6.B1       30.48 178.66   1.03   0.00   0.00   0.00   9.53  -0.07
V MQ.13R6.B1       30.71 182.05   1.03   0.00   0.00   0.00   9.44  -0.16
V MQ.13R6.B1       30.79 181.63   1.03   0.00   0.00   0.00   9.45  -0.15
V MQ.13R6.B1       30.79 181.63   1.03   0.00   0.00   0.00   9.45  -0.15
V MQ.13R6.B1       31.03 180.37   1.04   0.00   0.00   0.00   9.48  -0.12
V MQ.13R6.B1       31.03 180.37   1.04   0.00   0.00   0.00   9.48  -0.12
V MQ.13R6.B1       31.44 178.28   1.04   0.00   0.00   0.00   9.54  -0.06
V MQ.13R6.B1       31.44 178.28   1.04   0.00   0.00   0.00   9.54  -0.06
V MQML.10L6.B1     25.77 181.71   0.69   0.00   0.00   0.00   9.28  -0.32
V MQML.10L6.B1     25.80 181.70   0.69   0.00   0.00   0.00   9.28  -0.32
V MQML.10L6.B1     25.88 180.92   0.68   0.00   0.00   0.00   9.31  -0.29
V MQML.10L6.B1     25.97 180.90   0.70   0.00   0.00   0.00   9.31  -0.29
V MQML.10L6.B1     26.12 179.33   0.68   0.00   0.00   0.00   9.35  -0.25
V MQML.10L6.B1     26.27 179.31   0.71   0.00   0.00   0.00   9.35  -0.25
V MQML.10L6.B1     26.51 176.97   0.68   0.00   0.00   0.00   9.41  -0.19
V MQML.10L6.B1     26.71 176.94   0.72   0.00   0.00   0.00   9.41  -0.19
V MQML.10L6.B1     27.03 173.86   0.68   0.00   0.00   0.00   9.50  -0.10
V MQML.8L6.B1      14.65 164.02   0.21   0.00   0.00   0.00   9.60  -0.00
V MQML.8L6.B1      14.71 164.92   0.20   0.00   0.00   0.00   9.57  -0.03
V MQML.8L6.B1      14.85 165.35   0.20   0.00   0.00   0.00   9.56  -0.04
V MQML.8L6.B1      15.07 165.29   0.19   0.00   0.00   0.00   9.56  -0.04
V MQT.12L6.B1      30.59 178.07   1.04   0.00   0.00   0.00   9.40  -0.20
V MQT.12L6.B1      30.88 176.57   1.05   0.00   0.00   0.00   9.44  -0.16
V MQT.13R6.B1      31.72 176.84   1.05   0.00   0.00   0.00   9.43  -0.17
V MQT.13R6.B1      32.03 175.32   1.05   0.00   0.00   0.00   9.47  -0.13
V MQTLI.11R6.B1    39.77 175.93   1.18   0.00   0.00   0.00   9.40  -0.20
V MQTLI.11R6.B1    40.44 172.93   1.19   0.00   0.00   0.00   9.48  -0.12
V MQTLI.11R6.B1    41.14 169.99   1.20   0.00   0.00   0.00   9.56  -0.04
V MS.11R6.B1       41.33 169.20   1.20   0.00   0.00   0.00   9.59  -0.01
V MS.12L6.B1       30.64 177.84   1.04   0.00   0.00   0.00   9.43  -0.17
V MS.12L6.B1       31.01 175.98   1.04   0.00   0.00   0.00   9.48  -0.12
V MS.13R6.B1       31.59 177.50   1.05   0.00   0.00   0.00   9.44  -0.16
V MS.13R6.B1       31.95 175.73   1.05   0.00   0.00   0.00   9.48  -0.12
