Checking temp/ap_ir6b2.tfs
aperture margin hllhc_inj
  NAME             BETX   BETY   DX     DY     X      Y      N1     DN1
V MB.A13R6.B2      31.39 169.45   1.03   0.00   0.00   0.00   9.57  -0.03
V MB.C12R6.B2      31.45 169.44   1.02   0.00   0.00   0.00   9.57  -0.03
V MCBCV.10R6.B2    26.47 176.87   0.69   0.00   0.00   0.00   9.42  -0.18
V MCBCV.10R6.B2    27.48 172.32   0.71   0.00   0.00   0.00   9.55  -0.05
V MCBV.12R6.B2     29.63 177.85   1.01   0.00   0.00   0.00   9.30  -0.30
V MCBV.12R6.B2     30.25 174.71   1.01   0.00   0.00   0.00   9.38  -0.22
V MCBV.13L6.B2     32.63 175.79   1.08   0.00   0.00   0.00   9.35  -0.25
V MCBV.13L6.B2     33.26 172.90   1.09   0.00   0.00   0.00   9.43  -0.17
V MCD.B13L6.B2     34.04 169.51   1.10   0.00   0.00   0.00   9.57  -0.03
V MCO.B13L6.B2     34.04 169.52   1.10   0.00   0.00   0.00   9.57  -0.03
V MCS.C12R6.B2     31.09 171.00   1.02   0.00   0.00   0.00   9.53  -0.07
V MCS.C12R6.B2     31.21 170.48   1.02   0.00   0.00   0.00   9.54  -0.06
V MQ.11L6.B2       36.83 178.07   1.13   0.00   0.00   0.00   9.32  -0.28
V MQ.11L6.B2       36.89 177.81   1.13   0.00   0.00   0.00   9.32  -0.28
V MQ.11L6.B2       36.96 177.51   1.14   0.00   0.00   0.00   9.33  -0.27
V MQ.11L6.B2       37.14 176.73   1.14   0.00   0.00   0.00   9.35  -0.25
V MQ.11L6.B2       37.27 176.13   1.14   0.00   0.00   0.00   9.37  -0.23
V MQ.11L6.B2       37.57 174.83   1.14   0.00   0.00   0.00   9.40  -0.20
V MQ.11L6.B2       37.78 173.94   1.15   0.00   0.00   0.00   9.43  -0.17
V MQ.12R6.B2       28.40 184.69   0.98   0.00   0.00   0.00   9.37  -0.23
V MQ.12R6.B2       28.47 184.26   0.99   0.00   0.00   0.00   9.38  -0.22
V MQ.12R6.B2       28.48 184.26   0.98   0.00   0.00   0.00   9.38  -0.22
V MQ.12R6.B2       28.69 182.97   0.99   0.00   0.00   0.00   9.41  -0.19
V MQ.12R6.B2       28.71 182.98   0.99   0.00   0.00   0.00   9.41  -0.19
V MQ.12R6.B2       29.07 180.85   1.00   0.00   0.00   0.00   9.47  -0.13
V MQ.12R6.B2       29.09 180.86   0.99   0.00   0.00   0.00   9.47  -0.13
V MQ.13L6.B2       31.41 181.84   1.06   0.00   0.00   0.00   9.44  -0.16
V MQ.13L6.B2       31.47 181.58   1.06   0.00   0.00   0.00   9.45  -0.15
V MQ.13L6.B2       31.53 181.26   1.06   0.00   0.00   0.00   9.46  -0.14
V MQ.13L6.B2       31.68 180.48   1.07   0.00   0.00   0.00   9.48  -0.12
V MQ.13L6.B2       31.80 179.84   1.07   0.00   0.00   0.00   9.49  -0.11
V MQ.13L6.B2       32.06 178.55   1.07   0.00   0.00   0.00   9.53  -0.07
V MQ.13L6.B2       32.24 177.60   1.08   0.00   0.00   0.00   9.55  -0.05
V MQML.10R6.B2     25.10 182.70   0.65   0.00   0.00   0.00   9.27  -0.33
V MQML.10R6.B2     25.14 182.00   0.64   0.00   0.00   0.00   9.28  -0.32
V MQML.10R6.B2     25.20 182.63   0.65   0.00   0.00   0.00   9.27  -0.33
V MQML.10R6.B2     25.30 180.54   0.64   0.00   0.00   0.00   9.32  -0.28
V MQML.10R6.B2     25.42 181.79   0.66   0.00   0.00   0.00   9.29  -0.31
V MQML.10R6.B2     25.60 178.33   0.64   0.00   0.00   0.00   9.38  -0.22
V MQML.10R6.B2     25.78 180.19   0.67   0.00   0.00   0.00   9.33  -0.27
V MQML.10R6.B2     26.02 175.39   0.64   0.00   0.00   0.00   9.46  -0.14
V MQML.10R6.B2     26.27 177.84   0.68   0.00   0.00   0.00   9.39  -0.21
V MQML.10R6.B2     26.59 171.74   0.64   0.00   0.00   0.00   9.56  -0.04
V MQT.12R6.B2      29.36 179.40   0.99   0.00   0.00   0.00   9.36  -0.24
V MQT.12R6.B2      29.66 177.84   1.00   0.00   0.00   0.00   9.40  -0.20
V MQT.13L6.B2      32.55 176.08   1.08   0.00   0.00   0.00   9.45  -0.15
V MQT.13L6.B2      32.88 174.50   1.08   0.00   0.00   0.00   9.49  -0.11
V MQTLI.11L6.B2    37.97 173.09   1.15   0.00   0.00   0.00   9.45  -0.15
V MQTLI.11L6.B2    38.78 169.72   1.17   0.00   0.00   0.00   9.55  -0.05
V MQY.4R6.B2      199.73 691.63   0.12   0.00   0.00   0.00   9.57  -0.03
V MQY.4R6.B2      200.74 692.99   0.12   0.00   0.00   0.00   9.56  -0.04
V MQY.4R6.B2      202.39 692.21   0.12   0.00   0.00   0.00   9.57  -0.03
V MQY.4R6.B2      204.68 689.29   0.12   0.00   0.00   0.00   9.59  -0.01
V MS.12R6.B2       29.21 180.06   1.00   0.00   0.00   0.00   9.37  -0.23
V MS.12R6.B2       29.55 178.26   1.00   0.00   0.00   0.00   9.42  -0.18
V MS.13L6.B2       32.21 177.83   1.07   0.00   0.00   0.00   9.43  -0.17
V MS.13L6.B2       32.55 176.17   1.08   0.00   0.00   0.00   9.47  -0.13
