hecking temp/ap_ir6b2.tfs
aperture margin hllhc_inj
  NAME             BETX   BETY   DX     DY     X      Y      N1     DN1
V MB.A13R6.B2      31.96 168.88   1.04   0.00   0.00   0.00   9.59  -0.01
V MB.C12R6.B2      31.97 169.04   1.03   0.00   0.00   0.00   9.58  -0.02
V MCBCV.10R6.B2    28.09 175.57   0.73   0.00   0.00   0.00   9.46  -0.14
V MCBCV.10R6.B2    29.12 171.13   0.75   0.00   0.00   0.00   9.58  -0.02
V MCBV.12R6.B2     30.18 177.24   1.02   0.00   0.00   0.00   9.31  -0.29
V MCBV.12R6.B2     30.81 174.12   1.03   0.00   0.00   0.00   9.40  -0.20
V MCBV.13L6.B2     32.59 175.97   1.08   0.00   0.00   0.00   9.35  -0.25
V MCBV.13L6.B2     33.22 173.11   1.09   0.00   0.00   0.00   9.43  -0.17
V MCD.B13L6.B2     33.99 169.75   1.10   0.00   0.00   0.00   9.56  -0.04
V MCO.B13L6.B2     33.99 169.76   1.10   0.00   0.00   0.00   9.56  -0.04
V MCS.C12R6.B2     31.62 170.57   1.03   0.00   0.00   0.00   9.54  -0.06
V MCS.C12R6.B2     31.74 170.06   1.03   0.00   0.00   0.00   9.55  -0.05
V MQ.11L6.B2       38.68 177.18   1.16   0.00   0.00   0.00   9.34  -0.26
V MQ.11L6.B2       38.73 176.94   1.16   0.00   0.00   0.00   9.35  -0.25
V MQ.11L6.B2       38.82 176.60   1.16   0.00   0.00   0.00   9.36  -0.24
V MQ.11L6.B2       38.97 175.89   1.16   0.00   0.00   0.00   9.37  -0.23
V MQ.11L6.B2       39.16 175.20   1.17   0.00   0.00   0.00   9.39  -0.21
V MQ.11L6.B2       39.41 174.02   1.17   0.00   0.00   0.00   9.43  -0.17
V MQ.11L6.B2       39.70 173.00   1.18   0.00   0.00   0.00   9.45  -0.15
V MQ.12R6.B2       28.93 184.06   0.99   0.00   0.00   0.00   9.38  -0.22
V MQ.12R6.B2       29.00 183.63   1.00   0.00   0.00   0.00   9.39  -0.21
V MQ.12R6.B2       29.01 183.63   1.00   0.00   0.00   0.00   9.39  -0.21
V MQ.12R6.B2       29.23 182.35   1.00   0.00   0.00   0.00   9.43  -0.17
V MQ.12R6.B2       29.24 182.36   1.00   0.00   0.00   0.00   9.43  -0.17
V MQ.12R6.B2       29.61 180.24   1.01   0.00   0.00   0.00   9.48  -0.12
V MQ.12R6.B2       29.63 180.25   1.00   0.00   0.00   0.00   9.48  -0.12
V MQ.13L6.B2       31.40 181.93   1.06   0.00   0.00   0.00   9.44  -0.16
V MQ.13L6.B2       31.44 181.70   1.06   0.00   0.00   0.00   9.44  -0.16
V MQ.13L6.B2       31.51 181.33   1.06   0.00   0.00   0.00   9.45  -0.15
V MQ.13L6.B2       31.66 180.62   1.07   0.00   0.00   0.00   9.47  -0.13
V MQ.13L6.B2       31.79 179.89   1.07   0.00   0.00   0.00   9.49  -0.11
V MQ.13L6.B2       32.03 178.71   1.07   0.00   0.00   0.00   9.52  -0.08
V MQ.13L6.B2       32.24 177.62   1.08   0.00   0.00   0.00   9.55  -0.05
V MQML.10R6.B2     26.68 181.15   0.69   0.00   0.00   0.00   9.31  -0.29
V MQML.10R6.B2     26.72 180.43   0.69   0.00   0.00   0.00   9.33  -0.27
V MQML.10R6.B2     26.78 181.12   0.70   0.00   0.00   0.00   9.31  -0.29
V MQML.10R6.B2     26.89 178.95   0.69   0.00   0.00   0.00   9.36  -0.24
V MQML.10R6.B2     27.01 180.33   0.71   0.00   0.00   0.00   9.33  -0.27
V MQML.10R6.B2     27.20 176.73   0.69   0.00   0.00   0.00   9.42  -0.18
V MQML.10R6.B2     27.37 178.79   0.72   0.00   0.00   0.00   9.37  -0.23
V MQML.10R6.B2     27.64 173.78   0.68   0.00   0.00   0.00   9.51  -0.09
V MQML.10R6.B2     27.88 176.51   0.73   0.00   0.00   0.00   9.43  -0.17
V MQT.12R6.B2      29.90 178.79   1.01   0.00   0.00   0.00   9.38  -0.22
V MQT.12R6.B2      30.20 177.25   1.01   0.00   0.00   0.00   9.42  -0.18
V MQT.13L6.B2      32.55 176.09   1.08   0.00   0.00   0.00   9.45  -0.15
V MQT.13L6.B2      32.88 174.50   1.08   0.00   0.00   0.00   9.49  -0.11
V MQTLI.11L6.B2    39.90 172.15   1.18   0.00   0.00   0.00   9.48  -0.12
V MQTLI.11L6.B2    40.77 168.76   1.20   0.00   0.00   0.00   9.57  -0.03
V MQY.4R6.B2      203.71 688.31   0.01   0.00   0.00   0.00   9.59  -0.01
V MS.12R6.B2       29.76 179.45   1.01   0.00   0.00   0.00   9.38  -0.22
V MS.12R6.B2       30.10 177.66   1.02   0.00   0.00   0.00   9.43  -0.17
V MS.13L6.B2       32.18 178.00   1.07   0.00   0.00   0.00   9.42  -0.18
V MS.13L6.B2       32.51 176.35   1.08   0.00   0.00   0.00   9.47  -0.13
